q:
- -0.13741078 -0.61190652 1.80567917 0.0 0.72400697 0.0
- -0.1374053880878682 -0.6119011280878682 1.805673778087868 0.0 0.7240015780878682 0.0
- -0.1373895649927555 -0.6118853049927555 1.8056579549927554 0.0 0.7239857549927555 0.0
- -0.1373586090974412 -0.6118543490974412 1.8056269990974412 0.0 0.7239547990974412 0.0
- -0.13730814190272994 -0.6118038819027299 1.8055765319027297 0.0 0.72390433190273 0.0
- -0.13723409393678293 -0.6117298339367829 1.8055024839367828 0.0 0.723830283936783 0.0
- -0.13713269110205456 -0.6116284311020546 1.8054010811020544 0.0 0.7237288811020546 0.0
- -0.1370004414523182 -0.6114961814523182 1.8052688314523182 0.0 0.7235966314523182 0.0
- -0.13683412239210227 -0.6113298623921023 1.805102512392102 0.0 0.7234303123921023 0.0
- -0.13663076829071372 -0.6111265082907137 1.8048991582907137 0.0 0.7232269582907137 0.0
- -0.1363876585029076 -0.6108833985029076 1.8046560485029075 0.0 0.7229838485029076 0.0
- -0.13610230578815713 -0.6105980457881571 1.804370695788157 0.0 0.7226984957881571 0.0
- -0.13577244512039796 -0.6102681851203979 1.8040408351203978 0.0 0.722368635120398 0.0
- -0.13539602288005367 -0.6098917628800536 1.8036644128800536 0.0 0.7219922128800537 0.0
- -0.13497118642010072 -0.6094669264201007 1.8032395764201006 0.0 0.7215673764201007 0.0
- -0.134496273997898 -0.608992013997898 1.8027646639978978 0.0 0.7210924639978981 0.0
- -0.13396980506448625 -0.6084655450644862 1.8022381950644861 0.0 0.7205659950644863 0.0
- -0.1333904709030581 -0.607886210903058 1.801658860903058 0.0 0.7199866609030581 0.0
- -0.13275712560830677 -0.6072528656083068 1.8010255156083066 0.0 0.7193533156083068 0.0
- -0.13206877739837983 -0.6065645173983798 1.8003371673983797 0.0 0.7186649673983798 0.0
- -0.13132458025119653 -0.6058203202511965 1.7995929702511964 0.0 0.7179207702511965 0.0
- -0.13052462866029932 -0.6050195658569267 1.7987922158569267 0.0 0.7171200158569268 0.0
- -0.12967002550158266 -0.6041616758784811 1.797934325878481 0.0 0.7162621258784811 0.0
- -0.12876280597165068 -0.6032461945119205 1.7970188445119204 0.0 0.7153466445119205 0.0
- -0.12780585078272017 -0.6022727813387618 1.7960454313387617 0.0 0.7143732313387618 0.0
- -0.12680279062944844 -0.6012412044622322 1.795013854462232 0.0 0.7133416544622322 0.0
- -0.12575790396952022 -0.6001513339196062 1.793923983919606 0.0 0.7122517839196062 0.0
- -0.12467601015175084 -0.59900313536285 1.7927757853628499 0.0 0.71110358536285 0.0
- -0.12356235988495386 -0.5977966639998913 1.7915693139998912 0.0 0.7098971139998913 0.0
- -0.12242252497038113 -0.5965320587889341 1.7903047087889339 0.0 0.7086325087889341 0.0
- -0.12126228912301185 -0.5952095368783442 1.7889821868783442 0.0 0.7073099868783442 0.0
- -0.12008754158546786 -0.5938293882847391 1.787602038284739 0.0 0.7059298382847391 0.0
- -0.11890417509619194 -0.5923919708020312 1.7861646208020312 0.0 0.7044924208020312 0.0
- -0.11771798961421787 -0.5908977051342912 1.784670355134291 0.0 0.7029981551342912 0.0
- -0.1165346030299416 -0.5893470702454168 1.7831197202454165 0.0 0.7014475202454168 0.0
- -0.11535936990833998 -0.5877405989187189 1.7815132489187189 0.0 0.6998410489187189 0.0
- -0.11419730912161097 -0.5860788735196601 1.77985152351966 0.0 0.6981793235196602 0.0
- -0.11305304103566027 -0.58436252195511 1.7781351719551097 0.0 0.69646297195511 0.0
- -0.11193073472252395 -0.5825922138226102 1.77636486382261 0.0 0.6946926638226102 0.0
- -0.11083406548179253 -0.5807686567432767 1.7745413067432765 0.0 0.6928691067432767 0.0
- -0.10976618277125967 -0.5788925928720935 1.7726652428720933 0.0 0.6909930428720935 0.0
- -0.10872968847296086 -0.5769647955794899 1.7707374455794898 0.0 0.6890652455794899 0.0
- -0.1077266252578119 -0.5749860662982268 1.7687587162982266 0.0 0.6870865162982268 0.0
- -0.10675847466220564 -0.572957231529748 1.7667298815297479 0.0 0.685057681529748 0.0
- -0.10582616435485631 -0.5708791400042926 1.7646517900042924 0.0 0.6829795900042926 0.0
- -0.10493008395323795 -0.5687526599891944 1.7625253099891942 0.0 0.6808531099891945 0.0
- -0.10407010864715138 -0.56657867673993 1.7603513267399298 0.0 0.67867912673993 0.0
- -0.10324562980294583 -0.5643580900886116 1.7581307400886115 0.0 0.6764585400886116 0.0
- -0.10245559165606075 -0.5620918121647536 1.7558644621647534 0.0 0.6741922621647536 0.0
- -0.10169853315187448 -0.5597807652432717 1.7535534152432717 0.0 0.6718812152432717 0.0
- -0.10097263396508308 -0.5574258797148103 1.75119852971481 0.0 0.6695263297148103 0.0
- -0.1002757637154499 -0.5550280921736171 1.7488007421736171 0.0 0.6671285421736172 0.0
- -0.0996055334019714 -0.5525883436183212 1.746360993618321 0.0 0.6646887936183212 0.0
- -0.09895934809728886 -0.5501075777610897 1.7438802277610894 0.0 0.6622080277610897 0.0
- -0.09833445997832957 -0.5475867394407739 1.7413593894407737 0.0 0.6596871894407739 0.0
- -0.0977280208163158 -0.5450267731357741 1.738799423135774 0.0 0.6571272231357741 0.0
- -0.09713713310793332 -0.5424286215724781 1.736201271572478 0.0 0.6545290715724781 0.0
- -0.09655889909799782 -0.5397932244252502 1.7335658744252502 0.0 0.6518936744252503 0.0
- -0.09599046702072957 -0.5371215171040681 1.7308941671040678 0.0 0.6492219671040681 0.0
- -0.09542907397002943 -0.5344144296260207 1.7281870796260206 0.0 0.6465148796260207 0.0
- -0.09487208489723022 -0.5316728855670008 1.7254455355670006 0.0 0.6437733355670008 0.0
- -0.0943170273259743 -0.5288978010900345 1.7226704510900344 0.0 0.6409982510900345 0.0
- -0.09376162146649418 -0.5260900840468085 1.7198627340468082 0.0 0.6381905340468085 0.0
- -0.09320380550406374 -0.5232506331490604 1.7170232831490604 0.0 0.6353510831490604 0.0
- -0.09264175592725854 -0.5203803372066117 1.7141529872066115 0.0 0.6324807872066117 0.0
- -0.0920739028495344 -0.5174800744289226 1.7112527244289224 0.0 0.6295805244289226 0.0
- -0.09149894036125511 -0.5145507117871584 1.7083233617871583 0.0 0.6266511617871584 0.0
- -0.0909158320275617 -0.5115931044338536 1.7053657544338534 0.0 0.6236935544338537 0.0
- -0.09032381171941692 -0.5086080951773643 1.7023807451773643 0.0 0.6207085451773643 0.0
- -0.08972238002997394 -0.505596514008393 1.699369164008393 0.0 0.617696964008393 0.0
- -0.08911129658546874 -0.5025591776759685 1.6963318276759682 0.0 0.6146596276759685 0.0
- -0.08849056860863524 -0.4994968893103549 1.6932695393103547 0.0 0.6115973393103549 0.0
- -0.08786043613287708 -0.4964104380904565 1.6901830880904563 0.0 0.6085108880904565 0.0
- -0.08722135429693142 -0.49330059895337164 1.6870732489533715 0.0 0.6054010489533717 0.0
- -0.08657397317252014 -0.4901681323438388 1.6839407823438388 0.0 0.6022685823438388 0.0
- -0.0859191155916291 -0.4870137840013997 1.6807864340013996 0.0 0.5991142340013997 0.0
- -0.08525775344584938 -0.48383828478318824 1.6776109347831882 0.0 0.5959387347831883 0.0
- -0.0845909829280364 -0.48064235052033444 1.6744150005203344 0.0 0.5927428005203345 0.0
- -0.08391999917688484 -0.47742668190605 1.6711993319060499 0.0 0.58952713190605 0.0
- -0.083246070768457 -0.4741919644135379 1.6679646144135378 0.0 0.586292414413538 0.0
- -0.08257051447590569 -0.4709388682419449 1.6647115182419447 0.0 0.5830393182419449 0.0
- -0.08189467069031818 -0.4676680482886435 1.6614406982886434 0.0 0.5797684982886435 0.0
- -0.08121987986255186 -0.4643801441462041 1.658152794146204 0.0 0.5764805941462041 0.0
- -0.0805474602889363 -0.4610757801224834 1.6548484301224833 0.0 0.5731762301224834 0.0
- -0.07987868752360466 -0.45775556528232175 1.6515282152823216 0.0 0.5698560152823218 0.0
- -0.07921477565781501 -0.4544203656559548 1.648192743509406 0.0 0.5665205435094061 0.0
- -0.07855686066274647 -0.45107163843387027 1.644842593586917 0.0 0.5631703935869172 0.0
- -0.07790598594769806 -0.44771137180246684 1.6414783292956403 0.0 0.5598061292956404 0.0
- -0.07726309024114035 -0.4443420196379285 1.638100499528276 0.0 0.556428299528276 0.0
- -0.07662899785838624 -0.44096643240703404 1.6347096384187436 0.0 0.5530374384187438 0.0
- -0.07600441137741776 -0.43758778560820355 1.631306265485329 0.0 0.5496340654853291 0.0
- -0.07538990670423232 -0.43420950704997985 1.627890885786573 0.0 0.5462186857865732 0.0
- -0.07478593047148588 -0.4308352042091137 1.6244639900888558 0.0 0.542791790088856 0.0
- -0.07419279967967334 -0.4274685928384341 1.6210260550446791 0.0 0.5393538550446793 0.0
- -0.07361070345898298 -0.42411342790786977 1.6175775433806923 0.0 0.5359053433806924 0.0
- -0.07303970680259952 -0.420773437862591 1.6141189040945627 0.0 0.5324467040945627 0.0
- -0.07247975609883887 -0.41745226307258826 1.6106505726598264 0.0 0.5289783726598265 0.0
- -0.07193068627022957 -0.41415339923045114 1.6071729712379041 0.0 0.5255007712379044 0.0
- -0.07139222931258782 -0.41088014633101166 1.6036865088965075 0.0 0.5220143088965076 0.0
- -0.07086402401626975 -0.4076355637401694 1.6001915818336974 0.0 0.5185193818336975 0.0
- -0.07034562664506226 -0.40442243173286174 1.5966885736069025 0.0 0.5150163736069027 0.0
- -0.06983652234546604 -0.4012432197538879 1.593177855366233 0.0 0.511505655366233 0.0
- -0.0693361370602457 -0.39810006153212385 1.589659786091468 0.0 0.5079875860914681 0.0
- -0.06884384972483694 -0.39499473706039423 1.5861347128321275 0.0 0.5044625128321277 0.0
- -0.06835900453322809 -0.3919286613415287 1.5826029709500709 0.0 0.5009307709500709 0.0
- -0.06788092307095521 -0.3889028796973617 1.5790648843640964 0.0 0.49739268436409645 0.0
- -0.06740891612651705 -0.385918069342855 1.5755207657960513 0.0 0.4938485657960513 0.0
- -0.06694229500845741 -0.38297454684315096 1.5719709170179819 0.0 0.490298717017982 0.0
- -0.06648038221319043 -0.3800722809979665 1.5684156290998919 0.0 0.4867434290998921 0.0
- -0.06602252130796281 -0.3772109106358953 1.564855182657696 0.0 0.4831833022855338 0.0
- -0.06556808591375986 -0.3743897667512246 1.5612898481009858 0.0 0.4796194047581561 0.0
- -0.06511648769407545 -0.37160789837793656 1.5577198858802497 0.0 0.47605322559041396 0.0
- -0.06466718327689992 -0.3688641015695764 1.5541455467332095 0.0 0.4724866235882787 0.0
- -0.06421968005866822 -0.36615695083936844 1.5505670719299645 0.0 0.46892177308984895 0.0
- -0.06377354085991094 -0.36348483241192175 1.5469846935166474 0.0 0.4653611077688303 0.0
- -0.06332838742264497 -0.3608459786454857 1.5433986345573263 0.0 0.4618072634649733 0.0
- -0.06288390275884112 -0.35823850300127247 1.539809109373902 0.0 0.458263021021313 0.0
- -0.0624398323773562 -0.3556604349630036 1.5362163237837658 0.0 0.45473125005217313 0.0
- -0.06199598443329837 -0.3531097543446136 1.5326204753350108 0.0 0.4512148544982578 0.0
- -0.061552228858719166 -0.35058442446593263 1.5290217535389943 0.0 0.4477167207475107 0.0
- -0.06110849554664993 -0.34808242372408593 1.5254203401000785 0.0 0.4442396690146045 0.0
- -0.06066477167171164 -0.3456017751411765 1.5218164091423816 0.0 0.4407864085797883 0.0
- -0.060221098239754994 -0.3431405735254211 1.5182101274333903 0.0 0.437359497391207 0.0
- -0.059777565966194574 -0.3406970099421608 1.5146016546043046 0.0 0.43396130643554615 0.0
- -0.05933431058788555 -0.33826939325195576 1.5109911433669863 0.0 0.43059398918169167 0.0
- -0.05889150771658573 -0.3358561685342295 1.507378739727409 0.0 0.4272594563027052 0.0
- -0.05844936734331048 -0.33345593227563175 1.5037645831955122 0.0 0.4239593557843634 0.0
- -0.05800812810231268 -0.3310674442614941 1.5001488069913715 0.0 0.42069505843523075 0.0
- -0.057568051401119466 -0.32868963616558233 1.4965315382476183 0.0 0.41746764872502173 0.0
- -0.057129415519165755 -0.326321616887024 1.4929128982080375 0.0 0.4142779207960033 0.0
- -0.05669250977223647 -0.32396267473311724 1.489293002422297 0.0 0.4111263794173587 0.0
- -0.05625762883333221 -0.3216122765921235 1.4856719609367601 0.0 0.4080132455855868 0.0
- -0.05582506729288565 -0.31927006428062676 1.4820498784813472 0.0 0.4049384664157692 0.0
- -0.055395114532665074 -0.3169358482852354 1.4784268546524189 0.0 0.40190172891935566 0.0
- -0.05496804997839713 -0.3146095991480352 1.474802984091661 0.0 0.39890247722427696 0.0
- -0.05454413878631453 -0.3122914367691179 1.4711783566609589 0.0 0.39593993276280115 0.0
- -0.05412362800867403 -0.30998161791763945 1.4675530576132556 0.0 0.3930131169315655 0.0
- -0.0537067432729801 -0.30768052225525055 1.4639271677593948 0.0 0.3901208757164394 0.0
- -0.053293685999364154 -0.30538863718250747 1.4603007636309537 0.0 0.3872619057719736 0.0
- -0.05288463117047397 -0.30310654182023 1.4566739176390815 0.0 0.3844347814507082 0.0
- -0.052479725658475085 -0.3008348904340091 1.453046698229357 0.0 0.38163798229097756 0.0
- -0.05207908710449373 -0.29857439560153115 1.4494191700326915 0.0 0.3788699204924047 0.0
- -0.05168280333716198 -0.29632581140949027 1.4457913940122988 0.0 0.37612896793527245 0.0
- -0.05129093230896606 -0.2940899169500598 1.4421634276067705 0.0 0.3734134823325995 0.0
- -0.05090350252193637 -0.2918675003666841 1.4385353248692838 0.0 0.37072183214117954 0.0
- -0.05052051390792388 -0.28965934367585255 1.4349071366029853 0.0 0.3680524198991865 0.0
- -0.050141939123333104 -0.2874662085660673 1.4312789104925914 0.0 0.3654037037023186 0.0
- -0.04976772521376363 -0.2852888233479589 1.4276506912322486 0.0 0.36277421657695225 0.0
- -0.0493977956005643 -0.2831278712009879 1.4240225206497028 0.0 0.36016258355654046 0.0
- -0.04903205233883051 -0.2809839798329208 1.4203944378268258 0.0 0.3575675363156643 0.0
- -0.04867037859485697 -0.2788577126388082 1.4167664792165535 0.0 0.35498792526393563 0.0
- -0.04831264129046846 -0.2767495614170058 1.4131386787562887 0.0 0.35242272904860006 0.0
- -0.04795869386194468 -0.27465994067131966 1.4095110679778238 0.0 0.3498710614595108 0.0
- -0.04760837908237785 -0.2725891835010527 1.405883676113842 0.0 0.3473321757725191 0.0
- -0.04726153189818806 -0.27053753905494426 1.4022565302010572 0.0 0.34480546660670486 0.0
- -0.04691798223309697 -0.2685051715010703 1.3986296551800514 0.0 0.3422904694067887 0.0
- -0.046577557716044854 -0.2664921604429812 1.3950030739918706 0.0 0.3397868576941409 0.0
- -0.04624008629324336 -0.2644985026929337 1.3913768076714437 0.0 0.33729443825772826 0.0
- -0.04590539868869546 -0.26252411529619785 1.3877508754378867 0.0 0.334813144479908 0.0
- -0.04557333068199594 -0.26056883968622213 1.3841252947817542 0.0 0.33234302801105114 0.0
- -0.04524372517695549 -0.2586324468389922 1.3805000815493058 0.0 0.3298842490215033 0.0
- -0.04491643403948099 -0.2567146432862533 1.3768752500238497 0.0 0.32743706526939653 0.0
- -0.04459131968810402 -0.2548150778413638 1.373250813004228 0.0 0.32500182022840146 0.0
- -0.04426825642549549 -0.25293334888834507 1.369626781880512 0.0 0.32257893052082254 0.0
- -0.04394713150415744 -0.25106901208409016 1.3660031667069674 0.0 0.32016887289870555 0.0
- -0.04362784592417002 -0.2492215883255529 1.362379976272361 0.0 0.31777217100912747 0.0
- -0.043310314965325974 -0.24739057183788649 1.3587572181676655 0.0 0.315389382169886 0.0
- -0.042994468460148455 -0.24557543824574413 1.3551348988512366 0.0 0.3130210843687651 0.0
- -0.04268025081810879 -0.2437756524980697 1.3515130237115174 0.0 0.3106678636838021 0.0
- -0.042367620814798265 -0.24199067652645673 1.3478915971273393 0.0 0.3083303023039395 0.0
- -0.04205655116282614 -0.24021997652828964 1.3442706225258834 0.0 0.30600896730952143 0.0
- -0.041747027883792365 -0.23846302977814243 1.3406501024383608 0.0 0.30370440035073504 0.0
- -0.041439049502799225 -0.23671933088403385 1.3370300385534781 0.0 0.3014171083397096 0.0
- -0.041132626088615024 -0.23498839741886474 1.3334104317687472 0.0 0.2991475552490106 0.0
- -0.04082777816378358 -0.2332697748714348 1.3297912822397024 0.0 0.29689615508609274 0.0
- -0.0405245355096943 -0.23156304087560597 1.3261725894270822 0.0 0.29466326609029675 0.0
- -0.040222935891902664 -0.22986780869021367 1.3225543521420375 0.0 0.2924491861765543 0.0
- -0.0399230237308415 -0.22818372991600494 1.3189365685894239 0.0 0.2902541496284241 0.0
- -0.03962484874251586 -0.22651049644900456 1.3153192364092345 0.0 0.28807832502273056 0.0
- -0.03932846457286003 -0.22484784168209343 1.3117023527162326 0.0 0.28592181434916436 0.0
- -0.03903392744819026 -0.22319554097807387 1.3080859141378363 0.0 0.2837846532709664 0.0
- -0.03874129486264949 -0.22155341144795326 1.3044699168503144 0.0 0.28166681245742703 0.0
- -0.0384506243217531 -0.21992131107749663 1.3008543566133421 0.0 0.279568199905541 0.0
- -0.03816197215914956 -0.218299137253189 1.2972392288029764 0.0 0.2774886641568677 0.0
- -0.0378753924415519 -0.2166868247455518 1.2936245284430936 0.0 0.27542799830651304 0.0
- -0.037590935974518805 -0.2150843432132366 1.2900102502353503 0.0 0.27338594469420924 0.0
- -0.037308649419411186 -0.2134916942954616 1.286396388587709 0.0 0.2713622001626965 0.0
- -0.037028574529464925 -0.21190890836316773 1.2827829376415831 0.0 0.26935642176597374 0.0
- -0.03675074751054146 -0.21033604100078673 1.2791698912976432 0.0 0.2673682328093903 0.0
- -0.03647519850978559 -0.20877316929077971 1.275557243240339 0.0 0.26539722910490593 0.0
- -0.03620195123316694 -0.2072203879721864 1.2719449869611745 0.0 0.26344298532800436 0.0
- -0.03593102269074187 -0.20567780554241033 1.2683331157807864 0.0 0.2615050613675665 0.0
- -0.03566242306647317 -0.2041455403684429 1.2647216228698674 0.0 0.2595830085663078 0.0
- -0.03539615570761041 -0.20262371686980934 1.2611105012689774 0.0 0.2576763757569844 0.0
- -0.0351322172269847 -0.20111246183081494 1.2574997439072821 0.0 0.2557847150082724 0.0
- -0.034870597710123644 -0.1996119008943022 1.253889343620262 0.0 0.25390758700382 0.0
- -0.034611281017858056 -0.19812215528322302 1.2502792931664308 0.0 0.25204456598826064 0.0
- -0.03435424517407824 -0.19664333879000984 1.2466695852430993 0.0 0.2501952442247486 0.0
- -0.03409946282750949 -0.1951755550671237 1.243060212501224 0.0 0.2483592359196342 0.0
- -0.033846901775812885 -0.19371889524538705 1.239451167559377 0.0 0.24653618058104199 0.0
- -0.033596525539975025 -0.19227343589989287 1.2358424430168697 0.0 0.24472574578916118 0.0
- -0.03334829397682225 -0.19083923737653552 1.2322340314660698 0.0 0.24292762936683937 0.0
- -0.033102163917570676 -0.18941634248563294 1.228625925503939 0.0 0.24114156094941602 0.0
- -0.032858089820590616 -0.1880047755628062 1.2250181177428268 0.0 0.2393673029625128 0.0
- -0.032616024427006715 -0.18660454189133263 1.2214106008205532 0.0 0.2376046510255756 0.0
- -0.0323759194083572 -0.1852156274746728 1.2178033674098068 0.0 0.23585343380724005 0.0
- -0.03213772599627754 -0.18383799914285154 1.2141964102268914 0.0 0.23411351236597366 0.0
- -0.0319013955850356 -0.182471604971903 1.2105897220398485 0.0 0.2323847790158698 0.0
- -0.03166688029870697 -0.18111637499171057 1.2069832956759816 0.0 0.23066715576287994 0.0
- -0.03143413351581796 -0.17977222215431193 1.2033771240288127 0.0 0.2289605923611404 0.0
- -0.031203110345380702 -0.17843904353211826 1.1997712000644953 0.0 0.22726506404236896 0.0
- -0.030973768049376085 -0.17711672171351617 1.1961655168277057 0.0 0.22558056897357975 0.0
- -0.030746066407888434 -0.17580512636198192 1.192560067447045 0.0 0.22390712549961478 0.0
- -0.030519968024239286 -0.17450411590412013 1.1889548451399654 0.0 0.22224476922725567 0.0
- -0.03029543856858903 -0.17321353931192396 1.185349843217252 0.0 0.22059355000701053 0.0
- -0.03007244695955781 -0.17193323794500526 1.1817450550870778 0.0 0.21895352886713493 0.0
- -0.029850965484444936 -0.17066304741952276 1.178140474258651 0.0 0.21732477495211233 0.0
- -0.029630969859586354 -0.16940279947199988 1.1745360943454826 0.0 0.2157073625147765 0.0
- -0.02941243923327036 -0.16815232378811618 1.1709319090682846 0.0 0.21410136800759105 0.0
- -0.029195356134423076 -0.16691144976882683 1.1673279122575249 0.0 0.21250686731440827 0.0
- -0.028979706370969457 -0.16568000820875184 1.163724097855654 0.0 0.2109239331594055 0.0
- -0.028765478882367593 -0.16445783286462262 1.1601204599190216 0.0 0.2093526327249441 0.0
- -0.028552665551298997 -0.16324476189461573 1.156516992619499 0.0 0.2077930255049102 0.0
- -0.028341260979874855 -0.16204063915258432 1.152913690245828 0.0 0.2062451614147771 0.0
- -0.028131262235986984 -0.16084531532445429 1.1493105472047036 0.0 0.20470907917426917 0.0
- -0.027922668575594972 -0.1596586488973305 1.1457075580216172 0.0 0.20318480497319302 0.0
- -0.027715481146800322 -0.15848050695510257 1.1421047173414614 0.0 0.20167235142582463 0.0
- -0.027509702681520407 -0.15731076579749975 1.1385020199289215 0.0 0.20017171681426404 0.0
- -0.027305337180444603 -0.1561493113825737 1.1348994606686624 0.0 0.19868288461647565 0.0
- -0.02710238959674019 -0.15499603959544578 1.1312970345653213 0.0 0.19720582331037062 0.0
- -0.026900865523684994 -0.15385085634880402 1.1276947367433237 0.0 0.1957404864413167 0.0
- -0.02670077089104539 -0.1527136775230445 1.1240925624465312 0.0 0.19428681293691763 0.0
- -0.02650211167460273 -0.15158442875609607 1.1204905070377311 0.0 0.19284472764982674 0.0
- -0.02630489362276814 -0.15046304509482844 1.1168885659979841 0.0 0.19141414210676522 0.0
- -0.026109122003724977 -0.1493494705215042 1.1132867349258322 0.0 0.1899949554398247 0.0
- -0.025914801376010543 -0.14824365736999146 1.1096850095363853 0.0 0.1885870554745469 0.0
- -0.025721935384904054 -0.1471455656473991 1.1060833856602879 0.0 0.1871903199481897 0.0
- -0.02553052658643562 -0.1460551622774358 1.1024818592425825 0.0 0.1858046178309979 0.0
- -0.025340576300281248 -0.14497242028213136 1.0988804263414713 0.0 0.18442981072317854 0.0
- -0.025152084492269605 -0.1438973179186106 1.095279083126989 0.0 0.18306575430061023 0.0
- -0.024965049686706223 -0.14282983778738645 1.091677825879592 0.0 0.18171229978306347 0.0
- -0.02477946890822684 -0.14176996592816304 1.0880766509886741 0.0 0.18036929539983848 0.0
- -0.02459533765243062 -0.14071769091843195 1.084475554951012 0.0 0.17903658782919663 0.0
- -0.024412649884120965 -0.1396730029892294 1.08087453436915 0.0 0.17771402358973065 0.0
- -0.024231398061602308 -0.13863589317132863 1.077273585949729 0.0 0.17640145036384225 0.0
- -0.02405157318514778 -0.1376063524838923 1.0736727065017695 0.0 0.17509871823571954 0.0
- -0.023873164867469487 -0.1365843711762414 1.0700718929349047 0.0 0.1738056808285965 0.0
- -0.02369616142379051 -0.13556993803192935 1.0664711422575823 0.0 0.17252219632856802 0.0
- -0.023520549978937502 -0.1345630397427821 1.0628704515752294 0.0 0.17124812838479742 0.0
- -0.023346316588744448 -0.13356366035899564 1.059269818088391 0.0 0.16998334687852834 0.0
- -0.023173446372980994 -0.13257178081980736 1.0556692390908435 0.0 0.1687277285558696 0.0
- -0.02300192365699097 -0.13158737856769748 1.0520687119676908 0.0 0.1674811575218097 0.0
- -0.022831732119246162 -0.13061042724755734 1.0484682341934448 0.0 0.1662435255953093 0.0
- -0.02266285494208385 -0.12964089649080635 1.044867803330094 0.0 0.1650147325275737 0.0
- -0.022495274963000647 -0.1286787517830667 1.0412674170251643 0.0 0.16379468608770253 0.0
- -0.022328974824015774 -0.12772395441273277 1.0376670730097781 0.0 0.16258330202182059 0.0
- -0.02216393711678981 -0.12677646149661637 1.034066769096708 0.0 0.1613805038934918 0.0
- -0.022000144521385295 -0.1258362260778193 1.030466503178437 0.0 0.16018622281469486 0.0
- -0.021837579936778817 -0.12490319729009325 1.0268662732252198 0.0 0.1590003970778835 0.0
- -0.021676226601475126 -0.12397732058219924 1.023266077283154 0.0 0.1578229717006523 0.0
- -0.021516068202828156 -0.1230585379951768 1.0196659134722585 0.0 0.15665389789528983 0.0
- -0.021357088973935553 -0.12214678848498267 1.016065779984567 0.0 0.15549313247601626 0.0
- -0.021199273777239236 -0.1212420082826533 1.0124656750822325 0.0 0.15434063721698166 0.0
- -0.021042608174228636 -0.12034413128398619 1.0088655970956502 0.0 0.15319637817415477 0.0
- -0.020887078480902627 -0.11945308946071326 1.0052655444215968 0.0 0.15206032498406918 0.0
- -0.020732671808896125 -0.11856881328524937 1.0016655155213892 0.0 0.15093245015202983 0.0
- -0.020579376092414406 -0.1176912321613301 0.9980655089190658 0.0 0.14981272834183657 0.0
- -0.020427180101339912 -0.11682027485319552 0.9944655231995879 0.0 0.14870113567837095 0.0
- -0.020276073441079054 -0.11595586990641887 0.9908655570070667 0.0 0.14759764907354045 0.0
- -0.020126046539898718 -0.1150979460540068 0.9872656090430132 0.0 0.1465022455850965 0.0
- -0.019977090624662158 -0.11424643260199924 0.9836656780646159 0.0 0.14541490181677408 0.0
- -0.01982919768600945 -0.11340125978945759 0.9800657628830436 0.0 0.14433559336704682 0.0
- -0.019682360434139373 -0.11256235911843515 0.9764658623617767 0.0 0.14326429433259624 0.0
- -0.019536572246435527 -0.11172966365026038 0.9728659754149662 0.0 0.14220097687135613 0.0
- -0.019391827108240806 -0.11090310826521743 0.9692661010058224 0.0 0.14114561082875876 0.0
- -0.019248119548120987 -0.11008262988346695 0.9656662381450324 0.0 0.14009816342957726 0.0
- -0.019105444568971147 -0.10926816764579994 0.9620663858892076 0.0 0.13905859903656392 0.0
- -0.01896379757630863 -0.10845966305354715 0.9584665433393625 0.0 0.1380268789759349 0.0
- -0.01882317430506561 -0.10765706006766629 0.9548667096394234 0.0 0.1370029614286694 0.0
- -0.018683570746143796 -0.10686030516768918 0.9512668839747681 0.0 0.1359868013855844 0.0
- -0.018544983073925728 -0.10606934737182017 0.9476670655707973 0.0 0.13497835066323216 0.0
- -0.018407407575853935 -0.10528413822003369 0.9440672536915371 0.0 0.13397755797685218 0.0
- -0.018270840585092388 -0.10450463172251112 0.940467447638273 0.0 0.13298436906590105 0.0
- -0.018135278417177284 -0.10373078427618665 0.9368676467482152 0.0 0.13199872686708902 0.0
- -0.018000717311447978 -0.10296255455252767 0.933267850393196 0.0 0.1310205717293721 0.0
- -0.0178671533779267 -0.10219990335996498 0.9296680579783977 0.0 0.13004984166498668 0.0
- -0.01773458255018953 -0.10144279348460328 0.9260682689411124 0.0 0.12908647263036743 0.0
- -0.01760300054464331 -0.10069118951298728 0.9224684827495327 0.0 0.12813039883065724 0.0
- -0.01747240282649616 -0.09994505764077388 0.9188686989015743 0.0 0.12718155304149392 0.0
- -0.01734278458258455 -0.09920436547117106 0.9152689169237274 0.0 0.1262398669418403 0.0
- -0.017214140701099737 -0.09846908180694958 0.9116691363699406 0.0 0.12530527145179893 0.0
- -0.017086465758142613 -0.09773917643972041 0.9080693568205346 0.0 0.12437769706961854 0.0
- -0.016959754010929404 -0.09701461994000671 0.9044695778811443 0.0 0.12345707420244312 0.0
- -0.016833999397373345 -0.09629538345142463 0.9008697991816932 0.0 0.12254333348576307 0.0
- -0.016709195541680058 -0.09558143849203204 0.8972700203753944 0.0 0.12163640608700255 0.0
- -0.016585335765517753 -0.09487275676561602 0.8936702411377823 0.0 0.12073622398918926 0.0
- -0.01646241310425821 -0.09416930998537032 0.890070461165772 0.0 0.11984272025120957 0.0
- -0.01634042032773117 -0.09347106971207475 0.886470680176747 0.0 0.11895582924172754 0.0
- -0.0162193499648937 -0.09277800720853413 0.8828708979076743 0.0 0.11807548684444125 0.0
- -0.016099194331786623 -0.09209009331167217 0.8792711141142469 0.0 0.11720163063294364 0.0
- -0.01597994556213307 -0.09140729832330952 0.8756713285700534 0.0 0.11633420001404782 0.0
- -0.015861595639927853 -0.09072959192029617 0.872071541065773 0.0 0.11547313633901046 0.0
- -0.015744136433371567 -0.09005694308431655 0.8684717514083973 0.0 0.11461838298263982 0.0
- -0.01562755972951828 -0.08938932005135003 0.8648719594204766 0.0 0.11376988539079469 0.0
- -0.015511857269030038 -0.08872669028045299 0.8612721649393915 0.0 0.11292759109726325 0.0
- -0.015397020780464413 -0.08806902044123466 0.857672367816649 0.0 0.11209144971145091 0.0
- -0.015283042013561426 -0.08741627641913363 0.8540725679172018 0.0 0.11126141287869618 0.0
- -0.015169912771042862 -0.08676842333736401 0.8504727651187916 0.0 0.11043743421537389 0.0
- -0.015057624938488778 -0.08612542559419578 0.8468729593113147 0.0 0.10961946922122967 0.0
- -0.014946170511911952 -0.08548724691406284 0.8432731503962105 0.0 0.10880747517161993 0.0
- -0.014835541622709822 -0.08485385041085258 0.8396733382858713 0.0 0.10800141099250349 0.0
- -0.014725730559734251 -0.08422519866163003 0.8360735229030734 0.0 0.10720123712114915 0.0
- -0.014616729788280713 -0.08360125378897898 0.8324737041804293 0.0 0.106406915355586 0.0
- -0.014508531965859939 -0.08298197755010694 0.8288738820598605 0.0 0.10561840869583239 0.0
- -0.014401129954674546 -0.08236733143085873 0.8252740564920887 0.0 0.10483568117990194 0.0
- -0.014294516830781395 -0.08175727674280697 0.8216742274361482 0.0 0.10405869771749676 0.0
- -0.014188685889974642 -0.08115177472164525 0.8180743948589152 0.0 0.10328742392417145 0.0
- -0.014083630650475923 -0.08055078662518844 0.814474558734657 0.0 0.10252182595858583 0.0
- -0.013979344852564787 -0.07995427382938813 0.8108747190445977 0.0 0.10176187036526496 0.0
- -0.013875822455324233 -0.07936219792089338 0.8072748757765021 0.0 0.10100752392505852 0.0
- -0.013773057630713223 -0.0787745207848286 0.8036750289242758 0.0 0.10025875351524371 0.0
- -0.013671044755209152 -0.07819120468661112 0.8000751784875819 0.0 0.09951552598094793 0.0
- -0.013569778399288662 -0.07761221234679605 0.796475324471474 0.0 0.09877780801929037 0.0
- -0.01346925331503504 -0.07703750700810685 0.7928754668860434 0.0 0.0980455660773566 0.0
- -0.013369464422174404 -0.07646705249398367 0.7892756057460828 0.0 0.09731876626483249 0.0
- -0.013270406792850922 -0.07590081325815756 0.7856757410707631 0.0 0.09659737428184045 0.0
- -0.013172075635454333 -0.0753387544249311 0.7820758728833257 0.0 0.09588135536224518 0.0
- -0.013074466277810365 -0.07478084182001665 0.7784760012107865 0.0 0.09517067423242953 0.0
- -0.012977574150037446 -0.07422704199194208 0.7748761260836554 0.0 0.09446529508529233 0.0
- -0.012881394767361262 -0.07367732222418866 0.771276247535666 0.0 0.0937651815689875 0.0
- -0.012785923713162603 -0.07313165053836446 0.7676763656035204 0.0 0.09307029678971313 0.0
- -0.012691156622515007 -0.07258999568884583 0.7640764803266435 0.0 0.09238060332767228 0.0
- -0.012597089166445655 -0.072052327149433 0.7604765917469509 0.0 0.091696063265163 0.0
- -0.012503717037128437 -0.07151861509266277 0.7568766999086258 0.0 0.09101663822561956 0.0
- -0.012411035934191059 -0.0709888303625057 0.7532768048579088 0.0 0.0903422894223177 0.0
- -0.012319041552289606 -0.07046294444123913 0.749676906642897 0.0 0.08967297771537164 0.0
- -0.012227729570074869 -0.06994092941133834 0.746077005313353 0.0 0.08900866367559701 0.0
- -0.012137095640645412 -0.06942275791325925 0.7424771009205242 0.0 0.08834930765378401 0.0
- -0.012047135383552343 -0.06890840310000446 0.7388771935169716 0.0 0.0876948698539185 0.0
- -0.011957844378392757 -0.06839783858936521 0.7352772831564061 0.0 0.08704531040891172 0.0
- -0.011869218160000389 -0.067891038414719 0.7316773698935353 0.0 0.08640058945743834 0.0
- -0.011781252215216143 -0.06738797697523524 0.7280774537839176 0.0 0.0857606672205451 0.0
- -0.01169394198119647 -0.06688862898630499 0.724477534883825 0.0 0.08512550407677322 0.0
- -0.01160728284519516 -0.0663929694309573 0.7208776132501127 0.0 0.0844950606346333 0.0
- -0.011521270145733842 -0.06590097351296864 0.7172776889400969 0.0 0.08386929780137908 0.0
- -0.011435899175059189 -0.06541261661230346 0.7136777620114396 0.0 0.08324817684714925 0.0
- -0.011351165182769601 -0.0649278742434487 0.71007783252204 0.0 0.08263165946367179 0.0
- -0.011267063380481862 -0.06444672201712942 0.7064779005299326 0.0 0.08201970781686141 0.0
- -0.011183588947399126 -0.06396913560580675 0.7028779660931919 0.0 0.08141228459277661 0.0
- -0.011100737036634778 -0.06349509071327941 0.6992780292698422 0.0 0.08080935303654158 0.0
- -0.011018502782142753 -0.06302456304862203 0.6956780901177748 0.0 0.08021087698397378 0.0
- -0.010936881306103596 -0.0625575283046127 0.6920781486946694 0.0 0.07961682088579158 0.0
- -0.010855867726617063 -0.06209396214072038 0.6884782050579208 0.0 0.07902714982440451 0.0
- -0.010775457165555336 -0.06163384017064433 0.6848782592645717 0.0 0.07844182952340617 0.0
- -0.010695644756436612 -0.06117713795432622 0.6812783113712497 0.0 0.07786082635000457 0.0
- -0.010616425652186817 -0.060723830994286465 0.6776783614341089 0.0 0.07728410731072288 0.0
- -0.010537795032666414 -0.06027389473607625 0.6740784095087757 0.0 0.07671164004079545 0.0
- -0.010459748111849937 -0.05982730457258134 0.6704784556503003 0.0 0.07614339278776117 0.0
- -0.010382280144558137 -0.0593840358518668 0.6668784999131094 0.0 0.07557933438982212 0.0
- -0.010305386432655605 -0.05894406388821283 0.6632785423509662 0.0 0.07501943424958746 0.0
- -0.010229062330640165 -0.05850736397595979 0.6596785830169312 0.0 0.07446366230386281 0.0
- -0.010153303250564544 -0.05807391140575702 0.6560786219633279 0.0 0.07391198899017137 0.0
- -0.010078104666245036 -0.057643681482795195 0.652478659241712 0.0 0.07336438521070665 0.0
- -0.010003462116726008 -0.05721664954659256 0.6488786949028424 0.0 0.07282082229442077 0.0
- -0.009929371208982823 -0.05679279099190615 0.6452787289966568 0.0 0.07228127195793854 0.0
- -0.009855827619859259 -0.05637208129034488 0.6416787615722492 0.0 0.07174570626597265 0.0
- -0.009782827097247981 -0.05595449601227398 0.63807879267785 0.0 0.07121409759187947 0.0
- -0.009710365460534526 -0.05554001084862048 0.6344788223608089 0.0 0.07068641857896163 0.0
- -0.009638438600336002 -0.05512860163221078 0.6308788506675813 0.0 0.07016264210307388 0.0
- -0.009567042477575338 -0.05472024435830336 0.6272788776437144 0.0 0.06964274123703684 0.0
- -0.009496173121940205 -0.054314915204008885 0.6236789033338381 0.0 0.06912668921730647 0.0
- -0.00942582662978339 -0.05391259054632791 0.6200789277816563 0.0 0.06861445941328459 0.0
- -0.009355999161526657 -0.053513246978573514 0.6164789510299404 0.0 0.06810602529959064 0.0
- -0.009286686938635047 -0.0531168613249845 0.6128789731205257 0.0 0.06760136043155074 0.0
- -0.009217886240231593 -0.05272341065337771 0.6092789940943075 0.0 0.06710043842409141 0.0
- -0.009149593399424227 -0.05233287228572647 0.6056790139912407 0.0 0.06660323293416226 0.0
- -0.009081804799417365 -0.05194522380659283 0.6020790328503398 0.0 0.06610971764674567 0.0
- -0.009014516869480071 -0.051560443069380346 0.5984790507096802 0.0 0.06561986626445171 0.0
- -0.008947726080840684 -0.051178508200412365 0.594879067606402 0.0 0.06513365250063852 0.0
- -0.008881428942575348 -0.050799397600873264 0.591279083576713 0.0 0.0646510500759453 0.0
- -0.00881562199755409 -0.050423089946686095 0.5876790986558955 0.0 0.06417203271807503 0.0
- -0.008750301818503364 -0.05004956418642592 0.5840791128783112 0.0 0.06369657416462349 0.0
- -0.008685465004238946 -0.0496787995373974 0.5804791262774094 0.0 0.06322464816871032 0.0
- -0.008621108176117331 -0.04931077548002549 0.576879138885735 0.0 0.06275622850714013 0.0
- -0.008557227974747311 -0.04894547175072861 0.5732791507349375 0.0 0.062291288990793725 0.0
- -0.008493821056997142 -0.048582868333457374 0.5696791618557808 0.0 0.06182980347693179 0.0
- -0.008430884093325514 -0.04822294545009431 0.5660791722781537 0.0 0.061371745883080475 0.0
- -0.008368413765458188 -0.047865683549916827 0.5624791820310813 0.0 0.060917090202162294 0.0
- -0.008306406764425095 -0.04751106329832977 0.5588791911427364 0.0 0.060465810518533836 0.0
- -0.008244859788966025 -0.04715906556507421 0.555279199640452 0.0 0.0600178810245976 0.0
- -0.00818376954430683 -0.046809671412114895 0.551679207550734 0.0 0.05957327603766438 0.0
- -0.00812313274130158 -0.04646286208140438 0.5480792148992739 0.0 0.059131970016757296 0.0
- -0.008062946095931112 -0.04611861898271097 0.5444792217109633 0.0 0.05869393757906782 0.0
- -0.008003206329142448 -0.04577692368168762 0.5408792280099068 0.0 0.05825915351579569 0.0
- -0.007943910167009766 -0.04543775788834348 0.5372792338194368 0.0 0.0578275928071299 0.0
- -0.007885054341192743 -0.04510110344606566 0.5336792391621275 0.0 0.05739923063615726 0.0
- -0.00782663558966526 -0.04476694232132017 0.5300792440598099 0.0 0.05697404240151205 0.0
- -0.0077686506576843395 -0.04443525659414471 0.5264792485335865 0.0 0.056552003728614686 0.0
- -0.007711096298967185 -0.04410602844952438 0.5228792526038459 0.0 0.05613309047937587 0.0
- -0.007653969277042594 -0.043779240169724565 0.5192792562902782 0.0 0.055717278760276656 0.0
- -0.0075972663667421 -0.043454874127633714 0.5156792596118902 0.0 0.0553045449287658 0.0
- -0.007540984355796088 -0.043132912781150834 0.5120792625870205 0.0 0.05489486559794643 0.0
- -0.007485120046500371 -0.04281333866863268 0.5084792652333547 0.0 0.05448821763955347 0.0
- -0.00742967025741928 -0.04249613440539879 0.5048792675679408 0.0 0.05408457818525092 0.0
- -0.007374631825093209 -0.04218128268127508 0.5012792696072039 0.0 0.05368392462630378 0.0
- -0.007320001605719911 -0.04186876625914038 0.4976792713669622 0.0 0.05328623461170334 0.0
- -0.007265776476781144 -0.04155856797442836 0.4940792728624417 0.0 0.05289148604484384 0.0
- -0.007211953338588928 -0.041250670735522244 0.49047938440766603 0.0 0.052499657078867945 0.0
- -0.007158529115728146 -0.04094505752497024 0.4868801387936401 0.0 0.05211072611081269 0.0
- -0.007105500758375627 -0.040641711401440905 0.4832824554354094 0.0 0.05172467177469964 0.0
- -0.007052865243478729 -0.0403406155023287 0.4796876003303654 0.0 0.05134147293372271 0.0
- -0.007000619575779771 -0.04004175304691715 0.47609714271364534 0.0 0.05096110867169146 0.0
- -0.006948760788675928 -0.03974510734000081 0.4725129092994751 0.0 0.05058355828389349 0.0
- -0.006897285944907572 -0.03945066177586787 0.4689369369857628 0.0 0.050208801267536574 0.0
- -0.006846192137071105 -0.03915839984254321 0.4653714248741643 0.0 0.049836817311932236 0.0
- -0.006795476487955587 -0.03886830512619466 0.46181868642041723 0.0 0.04946758628857517 0.0
- -0.006745136150704989 -0.03858036131560716 0.45828110248125054 0.0 0.04910108824126658 0.0
- -0.0066951683088112834 -0.038294552206635024 0.4547610759660654 0.0 0.04873730337642146 0.0
- -0.006645570175945303 -0.03801086170654733 0.45126098873532094 0.0 0.04837621205368736 0.0
- -0.006596338995635165 -0.037729273838187694 0.44778316131468365 0.0 0.048017794776992084 0.0
- -0.006547472040803554 -0.037449772743879506 0.44432981591607135 0.0 0.04766203218612153 0.0
- -0.006498966613177087 -0.03717234268901215 0.44090304317528783 0.0 0.04730890504891827 0.0
- -0.006450820042582128 -0.03689696806525655 0.4375047729325139 0.0 0.046958394254172364 0.0
- -0.006403029686142703 -0.03662363339336461 0.4341367492979653 0.0 0.04661048080526431 0.0
- -0.006355592927396431 -0.036352323325517744 0.43080051016193455 0.0 0.04626514581460228 0.0
- -0.006308507175345507 -0.0360830226471992 0.427497371227487 0.0 0.04592237049888159 0.0
- -0.006261769863458999 -0.035815716278573606 0.42422841456648475 0.0 0.04558213617517992 0.0
- -0.00621537844864356 -0.03555038927536591 0.4209944816264144 0.0 0.04524442425788644 0.0
- -0.006169330410198293 -0.035287026829241674 0.41779617054764184 0.0 0.04490921625645139 0.0
- -0.006123623248769666 -0.0350256142676979 0.41463383758898975 0.0 0.04457649377392803 0.0
- -0.0060782544853209 -0.03476613705348075 0.4115076024045963 0.0 0.04424623850627085 0.0
- -0.006033221660129512 -0.0345085807835539 0.4084173568673537 0.0 0.04391843224234082 0.0
- -0.005988522331825535 -0.03425293118764805 0.4053627770942092 0.0 0.0435930568645615 0.0
- -0.005944154076481273 -0.033999174126424725 0.4023433382964492 0.0 0.043270094350162935 0.0
- -0.005900114486762309 -0.03374729558929512 0.39935833205384674 0.0 0.042949526772943725 0.0
- -0.005856401171147857 -0.033497281691935776 0.3964068855951852 0.0 0.042631336305476775 0.0
- -0.005813011753226932 -0.03324911867354585 0.393487982658981 0.0 0.0423155052216837 0.0
- -0.00576994387107535 -0.033002792893894295 0.3906004855069327 0.0 0.0420020158996981 0.0
- -0.005727195176716798 -0.032758290830203096 0.38774315766830836 0.0 0.04169085082494095 0.0
- -0.005684763335669973 -0.03251559907391477 0.3849146870056719 0.0 0.04138199259333031 0.0
- -0.005642646026581932 -0.03227470432739199 0.382113708710466 0.0 0.04107542391455066 0.0
- -0.005600840940946844 -0.03203559340059303 0.3793388278603842 0.0 0.040771127615310765 0.0
- -0.005559345782907565 -0.03179825320776841 0.3765886411985069 0.0 0.040469086642523466 0.0
- -0.005518158269136653 -0.03156267076421748 0.3738617578261143 0.0 0.040169284066344346 0.0
- -0.005477276128792119 -0.031328833183143834 0.3711568185361953 0.0 0.03987170308301524 0.0
- -0.005436697103542415 -0.031096727672642488 0.3684725135521958 0.0 0.039576327017461166 0.0
- -0.005396418947654247 -0.030866341532849062 0.36580759847574407 0.0 0.03928313932560035 0.0
- -0.005356439428136406 -0.03063766215327679 0.3631609082872309 0.0 0.03899212359632953 0.0
- -0.005316756324931948 -0.030410677010361375 0.3605313692834988 0.0 0.03870326355315923 0.0
- -0.005277367431151037 -0.030185373665231885 0.3579180088768512 0.0 0.038416543055475816 0.0
- -0.005238270553336394 -0.02996173976171912 0.35531996321849224 0.0 0.038131946099419056 0.0
- -0.005199463511753322 -0.02973976302460901 0.35273648264680046 0.0 0.03784945681836782 0.0
- -0.005160944140696261 -0.029519431258144713 0.3501669349959933 0.0 0.037569059483034795 0.0
- -0.00512271028880415 -0.029300732344776925 0.3476108068333219 0.0 0.03729073850117737 0.0
- -0.0050847598193770605 -0.029083654244157264 0.34506770272256393 0.0 0.03701447841693739 0.0
- -0.005047090610687033 -0.02886818499236654 0.34253734263793656 0.0 0.0367402639098281 0.0
- -0.0050097005562766694 -0.028654312701367313 0.34001955767540326 0.0 0.03646807979339084 0.0
- -0.004972587565239467 -0.02844202555866493 0.33751428422752205 0.0 0.036197911013549744 0.0
- -0.004935749562476471 -0.028231311827161654 0.3350215568033741 0.0 0.03592974264669391 0.0
- -0.004899184488924818 -0.028022159845183747 0.3325414996866969 0.0 0.03566355989752068 0.0
- -0.004862890301754186 -0.027814558026661884 0.33007431763314177 0.0 0.035399348096676 0.0
- -0.004826864974527917 -0.027608494861442567 0.327620285811683 0.0 0.03513709269822818 0.0
- -0.0047911064973267525 -0.027403958915707904 0.32517973919576293 0.0 0.03487677927701216 0.0
- -0.004755612876833182 -0.027200938832481092 0.32275306160695405 0.0 0.034618393525882585 0.0
- -0.004720382136375878 -0.026999423332194294 0.32034067460799953 0.0 0.034361921252912375 0.0
- -0.0046854123159337235 -0.026799401213296492 0.31794302643332695 0.0 0.03410734837857232 0.0
- -0.004650701472100227 -0.026600861352879424 0.3155605811338158 0.0 0.033854660932926106 0.0
- -0.004616247678009361 -0.026403792707300422 0.3131938080990775 0.0 0.03360384505287317 0.0
- -0.004582049023224372 -0.0262081843127826 0.3108431721051037 0.0 0.033354886979468645 0.0
- -0.004548103613592092 -0.026014025285975073 0.30850912401823405 0.0 0.03310777305534662 0.0
- -0.004514409571065109 -0.025821304824455993 0.3061920922683201 0.0 0.03286248972227168 0.0
- -0.004480965033495071 -0.025630012207164654 0.30389247518510354 0.0 0.03261902351883805 0.0
- -0.0044477681544003445 -0.02544013679474999 0.30161063427251067 0.0 0.03237736107833311 0.0
- -0.00441481710271166 -0.02525166802982537 0.2993468884761483 0.0 0.032137489126779384 0.0
- -0.004382110062499445 -0.025064595437122028 0.2971015094800744 0.0 0.031899394481163856 0.0
- -0.004349645232686827 -0.0248789086235347 0.29487471805021936 0.0 0.0316630640478619 0.0
- -0.0043174208267520164 -0.024694597278055785 0.2926666814239156 0.0 0.031428484821257596 0.0
- -0.004285435072423932 -0.024511651171596927 0.29047751172810865 0.0 0.03119564388256091 0.0
- -0.00425368621137498 -0.02433006015669814 0.2883072653931744 0.0 0.030964528398817803 0.0
- -0.004222172498914267 -0.024149814167125916 0.28615594351505247 0.0 0.030735125622107007 0.0
- -0.004190892203684904 -0.023970903217365502 0.28402349310575614 0.0 0.030507422888914726 0.0
- -0.004159843607368402 -0.02379331740201196 0.281909809161367 0.0 0.030281407619676237 0.0
- -0.004129025004399045 -0.023617046895067384 0.2798147374674358 0.0 0.030057067318470354 0.0
- -0.00409843470169069 -0.02344208194915187 0.2777380780543415 0.0 0.029834389572853337 0.0
- -0.004068071018378416 -0.023268412894637658 0.27567958920962865 0.0 0.02961336205381504 0.0
- -0.0040379322855766675 -0.023096030138716528 0.27363899195062746 0.0 0.029393972515840305 0.0
- -0.004008016846155427 -0.022924924164409943 0.2716159748587197 0.0 0.029176208797058623 0.0
- -0.003978323054535604 -0.022755085529534202 0.26961019917638107 0.0 0.02896005881946284 0.0
- -0.003948849276504407 -0.022586504865630297 0.2676213040695079 0.0 0.028745510589179846 0.0
- -0.003919593889051026 -0.02241917287687034 0.26564891196041196 0.0 0.028532552196774752 0.0
- -0.003890555280222696 -0.022253080338950793 0.2636926338411123 0.0 0.028321171817571544 0.0
- -0.0038617318490009878 -0.02208821809798378 0.2617520744820139 0.0 0.028111357711973373 0.0
- -0.0038331220051976422 -0.021924577069395434 0.25982683745758917 0.0 0.027903098225767753 0.0
- -0.0038047241693691947 -0.021762148236841417 0.2579165299181021 0.0 0.02769638179040168 0.0
- -0.0037765367727492227 -0.02160092265114799 0.25602076704455623 0.0 0.027491196923214112 0.0
- -0.00374855825719711 -0.0214408914292864 0.25413917613275583 0.0 0.027287532227614375 0.0
- -0.0037207870751615746 -0.021282045753387435 0.2522714002614401 0.0 0.027085376393196525 0.0
- -0.0036932216896576053 -0.021124376869801842 0.25041710150874597 0.0 0.026884718195781865 0.0
- -0.003665860574254859 -0.020967876088211823 0.2485759636905962 0.0 0.026685546497382973 0.0
- -0.0036387022130759394 -0.020812534780797143 0.24674769460384116 0.0 0.026487850246084688 0.0
- -0.003611745100802366 -0.020658344381458305 0.24493202776597456 0.0 0.026291618475838496 0.0
- -0.003584987742686757 -0.02050529638509946 0.243128723651848 0.0 0.026096840306169766 0.0
- -0.0035584286545690125 -0.020353382346970705 0.2413375704359253 0.0 0.025903504941797273 0.0
- -0.003532066362894992 -0.02020259388207024 0.23955838425612486 0.0 0.025711601672167017 0.0
- -0.0035058994047357794 -0.020052922664605233 0.23779100902212646 0.0 0.02552111987090322 0.0
- -0.003479926327805888 -0.01990436042750876 0.23603531579708226 0.0 0.025332048995181045 0.0
- -0.00345414569047911 -0.01975689896201127 0.23429120178692808 0.0 0.02514437858502583 0.0
- -0.003428556061800314 -0.019610530117261882 0.23255858897588744 0.0 0.02495809826254547 0.0
- -0.003403156021492215 -0.019465245799996977 0.2308374224502927 0.0 0.02477319773110309 0.0
- -0.0033779441599559867 -0.019321037974250332 0.2291276684554857 0.0 0.024589666774437857 0.0
- -0.0033529190782647933 -0.01917789866110109 0.2274293122323343 0.0 0.024407495255741152 0.0
- -0.0033280793881494686 -0.019035819938453824 0.2257423556808169 0.0 0.02422667311669835 0.0
- -0.0033034237119759224 -0.01889479394084559 0.224066814898221 0.0 0.024047190376502936 0.0
- -0.0032789506827138326 -0.01875481285927505 0.22240271763882946 0.0 0.0238690371308532 0.0
- -0.00325465894389651 -0.01861586894104761 0.22075010074056367 0.0 0.02369220355093893 0.0
- -0.0032305471495716054 -0.018477954489631965 0.21910900756200613 0.0 0.023516679882427116 0.0
- -0.0032066139642432656 -0.018341061864522556 0.21747948547058304 0.0 0.023342456444453763 0.0
- -0.003182858062805577 -0.018205183481103226 0.2158615834195401 0.0 0.02316952362863034 0.0
- -0.003159278130467902 -0.018070311810507778 0.21425534964776638 0.0 0.02299787189807012 0.0
- -0.0031358728626726118 -0.01793643937947298 0.21266082953259913 0.0 0.022827491786442278 0.0
- -0.003112640965005714 -0.01780355877018025 0.2110780636215508 0.0 0.022658373897057604 0.0
- -0.003089581153101234 -0.017671662620082795 0.20950708586453048 0.0 0.022490508901991668 0.0
- -0.003066692152540046 -0.017540743621715538 0.20794792206366441 0.0 0.022323887541248366 0.0
- -0.003043972698744013 -0.01741079452248495 0.20640058855332377 0.0 0.02215850062196767 0.0
- -0.0030214215368662423 -0.017281808124438025 0.20486509111853146 0.0 0.02199433901767922 0.0
- -0.002999037421678341 -0.01715377728400702 0.20334142415559797 0.0 0.021831393667603338 0.0
- -0.0029768191174557312 -0.01702669491173181 0.20182957007469882 0.0 0.02166965557600009 0.0
- -0.0029547653978617416 -0.01690055397195711 0.2003294989402129 0.0 0.02150911581156656 0.0
- -0.0029328750458312847 -0.016775347482505754 0.19884116834103271 0.0 0.021349765506880725 0.0
- -0.002911146853455171 -0.016651068514328626 0.1973645234797805 0.0 0.021191595857891432 0.0
- -0.002889579621865618 -0.01652771019113186 0.1958994974669559 0.0 0.021034598123451098 0.0
- -0.002868172161123783 -0.016405265688982373 0.19444601180352383 0.0 0.02087876362489005 0.0
- -0.002846923290109993 -0.01628372823589397 0.1930039770333376 0.0 0.020724083745628175 0.0
- -0.0028258318364171864 -0.016163091111395023 0.19157329354511043 0.0 0.02057054993082097 0.0
- -0.002804896636248083 -0.01604334764608084 0.19015385250238204 0.0 0.020418153687036034 0.0
- -0.0027841165343165386 -0.015924491221151915 0.18874553687908424 0.0 0.02026688658195641 0.0
- -0.0027634903837533975 -0.015806515267941412 0.18734822257787842 0.0 0.020116740244106257 0.0
- -0.002743017046017149 -0.01568941326743367 0.185961779608397 0.0 0.019967706362594373 0.0
- -0.00272269539080941 -0.015573178749776817 0.1845860733028546 0.0 0.019819776686872403 0.0
- -0.0027025242959956286 -0.015457805293791482 0.18322096554717526 0.0 0.019672943026502465 0.0
- -0.0026825026475305325 -0.015343286526478761 0.1818663160067726 0.0 0.019527197250930772 0.0
- -0.00266262933938885 -0.015229616122529044 0.18052198332739633 0.0 0.01938253128926337 0.0
- -0.0026429032735005853 -0.01511678780383463 0.17918782629297514 0.0 0.019238937130040323 0.0
- -0.002623323359691093 -0.015004795339008337 0.17786370492411385 0.0 0.01909640682100522 0.0
- -0.0026038885156255687 -0.014893632542909208 0.17654948150278904 0.0 0.01895493246886648 0.0
- -0.0025845976667573933 -0.014783293276178333 0.175245021510807 0.0 0.01881450623904868 0.0
- -0.0025654497462804793 -0.014673771444784989 0.17395019447169124 0.0 0.01867512035543073 0.0
- -0.002546443695084749 -0.014565060999585988 0.17266487468781322 0.0 0.018536767100069906 0.0
- -0.0025275784617147246 -0.014457155935897692 0.17138894186674802 0.0 0.018399438812909175 0.0
- -0.0025088530023305022 -0.014350050293083005 0.1701222816329624 0.0 0.018263127891468 0.0
- -0.0024902662806709497 -0.014243738154152696 0.16886478592302723 0.0 0.018127826790515056 0.0
- -0.0024718172680184836 -0.014138213645382591 0.16761635326452762 0.0 0.017993528021722494 0.0
- -0.0024535049431650413 -0.01403347093594598 0.16637688894072045 0.0 0.01786022415330213 0.0
- -0.0024353282923789965 -0.013929504237561341 0.16514630504471572 0.0 0.017727907809624188 0.0
- -0.0024172863093723518 -0.01382630780415528 0.1639245204285349 0.0 0.017596571670818406 0.0
- -0.0023993779952680427 -0.01372387593154012 0.16271146055379204 0.0 0.01746620847235958 0.0
- -0.0023816023585668256 -0.01362220295710559 0.16150705725195502 0.0 0.01733681100463791 0.0
- -0.0023639584151136928 -0.013521283259523398 0.16031124840314748 0.0 0.01720837211251569 0.0
- -0.0023464451880632065 -0.013421111258464458 0.1591239775432689 0.0 0.017080884694872678 0.0
- -0.0023290617078436937 -0.013321681414327102 0.15794519340980417 0.0 0.01695434170414134 0.0
- -0.002311807012120193 -0.01322298822797563 0.1567748494371044 0.0 0.01682873614583369 0.0
- -0.002294680145755623 -0.013125026240487614 0.1556129032121174 0.0 0.016704061078061994 0.0
- -0.002277680160770512 -0.013027790032908881 0.15445931590156614 0.0 0.016580309611055388 0.0
- -0.002260806116300834 -0.012931274226015144 0.15331405166140866 0.0 0.016457474906674485 0.0
- -0.0022440570785540737 -0.012835473480078852 0.152177077039082 0.0 0.016335550177925207 0.0
- -0.0022274321207635117 -0.012740382494639713 0.15104836037855263 0.0 0.016214528688474616 0.0
- -0.0022109303231407085 -0.012645996008278426 0.14992787123758222 0.0 0.016094403752170194 0.0
- -0.0021945507728261815 -0.012552308798391865 0.1488155798258819 0.0 0.015975168732563994 0.0
- -0.0021782925638386408 -0.01245931568096903 0.14771145647199946 0.0 0.015856817042443683 0.0
- -0.0021621547970225308 -0.012367011510366455 0.14661547112587225 0.0 0.015739342143371804 0.0
- -0.0021461365799942955 -0.012275391179082606 0.14552759290300665 0.0 0.0156227375452338 0.0
- -0.0021302370270873394 -0.012184449617530069 0.14444778967523497 0.0 0.015506996805797146 0.0
- -0.002114455259296155 -0.012094181793805503 0.14337602771196423 0.0 0.015392113530281248 0.0
- -0.0020987904042193417 -0.012004582713455725 0.14231227137479263 0.0 0.015278081370939 0.0
- -0.002083241596002261 -0.011915647419240893 0.14125648286734283 0.0 0.015164894026651665 0.0
- -0.0020678079752789735 -0.011827370990892927 0.14020862204116402 0.0 0.015052545242535631 0.0
- -0.0020524886891141736 -0.011739748544870476 0.13916864625759984 0.0 0.014941028809562273 0.0
- -0.0020372828909450136 -0.011652775234109236 0.13813651030461882 0.0 0.014830338564190693 0.0
- -0.0020221897405230116 -0.01156644624776837 0.1371121663667747 0.0 0.014720468388012886 0.0
- -0.002007208403856431 -0.011480756810972048 0.13609556404570644 0.0 0.014611412207411356 0.0
- -0.0019923380531531587 -0.011395702184548107 0.1350866504279229 0.0 0.014503163993227819 0.0
- -0.001977577866764224 -0.011311277664762032 0.13408537019603184 0.0 0.014395717760444016 0.0
- -0.0019629270291282863 -0.011227478583048622 0.13309166577909548 0.0 0.014289067567871738 0.0
- -0.0019483847307169289 -0.011144300305740096 0.1321054775374022 0.0 0.014183207517853291 0.0
- -0.0019339501679812021 -0.011061738233791973 0.13112674397666124 0.0 0.014078131755970058 0.0
- -0.0019196225432992764 -0.010979787802507301 0.13015540198643238 0.0 0.013973834470758839 0.0
- -0.0019054010649253994 -0.010898444481259428 0.129191387097507 0.0 0.013870309893435406 0.0
- -0.0018912849469401027 -0.010817703773214116 0.12823463375295252 0.0 0.013767552297623054 0.0
- -0.0018772734092018517 -0.010737561215051317 0.12728507558761204 0.0 0.013665555999086587 0.0
- -0.0018633656773000273 -0.01065801237668762 0.12634264571100906 0.0 0.01356431535546998 0.0
- -0.0018495609825092962 -0.01057905286099925 0.12540727698884435 0.0 0.013463824766036359 0.0
- -0.0018358585617453127 -0.010500678303547284 0.12447890231856484 0.0 0.013364078671410873 0.0
- -0.0018222576575217808 -0.010422884372304209 0.12355745489483927 0.0 0.013265071553323904 0.0
- -0.0018087575179088211 -0.010345666767383244 0.12264286846117689 0.0 0.013166797934355157 0.0
- -0.0017953573964924197 -0.01026902122077089 0.12173507754436375 0.0 0.013069252377677198 0.0
- -0.0017820565523352094 -0.01019294349606259 0.12083401766885693 0.0 0.012972429486797998 0.0
- -0.0017688542499381676 -0.01011742938820226 0.11993962554876703 0.0 0.012876323905302134 0.0
- -0.00175574975920334 -0.010042474723225725 0.11905183925555596 0.0 0.012780930316590111 0.0
- -0.001742742355397453 -0.009968075358008477 0.11817059836007449 0.0 0.01268624344361502 0.0
- -0.0017298313191163317 -0.009894227180017756 0.11729584404806159 0.0 0.012592258048617189 0.0
- -0.0017170159362498716 -0.009820926107069639 0.11642751920870387 0.0 0.012498968932855847 0.0
- -0.0017042954979477887 -0.009748168087090225 0.11556556849631439 0.0 0.012406370936337896 0.0
- -0.0016916693005856187 -0.009675949097882053 0.11470993836561982 0.0 0.012314458937544237 0.0
- -0.001679136645731244 -0.00960426514689483 0.11386057708154684 0.0 0.012223227853153107 0.0
- -0.0016666968401117255 -0.009533112271000732 0.11301743470475833 0.0 0.012132672637760966 0.0
- -0.0016543491955801348 -0.009462486536274461 0.11218046305451135 0.0 0.012042788283600947 0.0
- -0.0016420930290827196 -0.009392384037777202 0.11134961565069013 0.0 0.011953569820259413 0.0
- -0.0016299276626260129 -0.00932280089934534 0.1105248476370928 0.0 0.011865012314390744 0.0
- -0.0016178524232438596 -0.009253733273382192 0.10970611568824085 0.0 0.011777110869430563 0.0
- -0.0016058666429644985 -0.009185177340654271 0.10889337790211728 0.0 0.011689860625308413 0.0
- -0.0015939696587772834 -0.009117129310090233 0.10808659368132645 0.0 0.01160325675815932 0.0
- -0.0015821608125994868 -0.009049585418583361 0.10728572360521915 0.0 0.011517294480036022 0.0
- -0.0015704394512427167 -0.008982541930796617 0.10649072929552617 0.0 0.01143196903862076 0.0
- -0.0015588049263791648 -0.008915995138970345 0.10570157327800289 0.0 0.011347275716938388 0.0
- -0.0015472565945076067 -0.008849941362732094 0.10491821884251151 0.0 0.011263209833070609 0.0
- -0.0015357938169191232 -0.008784376948908434 0.10414062990385409 0.0 0.011179766739871866 0.0
- -0.0015244159596627394 -0.008719298271338216 0.10336877086552754 0.0 0.011096941824687234 0.0
- -0.0015131223935105909 -0.008654701730687608 0.10260260648839781 0.0 0.01101473050907309 0.0
- -0.0015019124939231188 -0.008590583754265801 0.10184210176610198 0.0 0.01093312824852033 0.0
- -0.0014907856410139309 -0.008526940795842042 0.1010872218087715 0.0 0.010852130532180482 0.0
- -0.0014797412195145798 -0.008463769335462779 0.10033793173644723 0.0 0.010771732882595919 0.0
- -0.001468778618739286 -0.008401065879270031 0.09959419658332247 0.0 0.010691930855432963 0.0
- -0.0014578972325494655 -0.008338826959319423 0.09885598121370864 0.0 0.010612720039219425 0.0
- -0.0014470964593182867 -0.008277049133398773 0.09812325025037993 0.0 0.010534096055085707 0.0
- -0.0014363757018953371 -0.008215728984846904 0.09739596801571526 0.0 0.010456054556509997 0.0
- -0.0014257343675712075 -0.008154863122372014 0.09667409848582609 0.0 0.010378591229068035 0.0
- -0.0014151718680422698 -0.008094448179870595 0.0959576052576363 0.0 0.010301701790186413 0.0
- -0.0014046876193755942 -0.008034480816245582 0.09524645152867506 0.0 0.010225381988900328 0.0
- -0.0013942810419740603 -0.007974957715225162 0.09454060008915088 0.0 0.010149627605615663 0.0
- -0.0013839515605417185 -0.007915875585181142 0.09384001332570113 0.0 0.010074434451874614 0.0
- -0.0013736986040494836 -0.00785723115894732 0.09314465323605847 0.0 0.009999798370125101 0.0
.0
- -0.0010510707152451282-0.0060118758663805230.071270637625904690.00.0076512387502613020.0
- -0.0010432839016047135-0.0059673371304920230.070742548250295470.00.0075945548369346080.0
- -0.0010355547759463846-0.00592312835882280450.070218367465568310.00.00753829086317037160.0
- -0.0010278829108806287-0.0058792471066593240.06969806794175360.00.00748244371816630950.0
- -0.0010202678821901179-0.00583569094740099550.069181622492921810.00.0074270103141598210.0
- -0.001012709268805978-0.0057924574724289580.068669004054078050.00.0073719875862527930.0
- -0.0010052066527840853-0.0057495442909752950.06816018566078430.00.0073173724922384050.0
- -0.0009977596192815574-0.005706949029993580.067655140431657430.00.00726316201242904750.0
- -0.0009903677565333002-0.0056646693340293150.067153841553838860.00.0072093531494871190.0
- -0.0009830306558286372-0.00562270286509170.066656262271476140.00.0071559429282563870.0
- -0.000975747911488245-0.0055810473025256210.066162375877207640.00.0071029283955958980.0
- -0.0009685191208410326-0.0055397003428846460.065672155706592020.00.0070503066202155520.0
- -0.0009613438842013544-0.0054986596998038980.065185575135382260.00.0069980746925132340.0
- -0.0009542218048462781-0.0054579231038746070.064702607579501190.00.0069462297244136110.0
- -0.0009471524889930194-0.0054174883025183140.064223226497542640.00.0068947688492089210.0
- -0.0009401355457766547-0.0053773530598620890.063747405395588870.00.0068436892214009950.0
- -0.0009331705872279716-0.0053375151566148470.063275117834113550.00.0067929880165454870.0
- -0.0009262572282514592-0.00529797238994345050.062806337436714930.00.0067426624310968910.0
- -0.0009193950866036027-0.0052587225733500280.0623410379004114560.00.0066927096822554380.0
- -0.0009125837828712624-0.00521976353654995950.061879193007220670.00.00664312700781566350.0
- -0.0009058229404504126-0.0051810931253506440.061420776636740950.00.0065939116660158610.0
- -0.0008991121855249085-0.0051427092015307040.060965762779449540.00.006545060935388980.0
- -0.000892451147045642-0.0051046096427203040.0605141255504415550.00.0064965721146149620.0
- -0.0008858394567097527-0.0050667923422819120.0600658392033388560.00.0064484425223743090.0
- -0.0008792767489401998-0.0050292552091925070.059620878144113430.00.0064006694972024160.0
- -0.0008727626608653338-0.0049919961679258940.059179216944583280.00.0063532503973451340.0
- -0.0008662968322989406-0.0049550131583363520.058740830355360930.00.0063061826006155510.0
- -0.0008598789057202016-0.0049183041355431720.058305693318053910.00.0062594635042516610.0
- -0.0008535085262540987-0.00488186706981574850.0578737809765410560.00.00621309052477470.0
- -0.0008471853416518182-0.0048456999464600030.0574450686871748050.00.0061670610978488140.0
- -0.0008409090022714893-0.0048098007657056960.057019532027783090.00.0061213726781412790.0
- -0.0008346791610590043-0.0047741675425942990.0565971468053738660.00.00607602273918361750.0
- -0.0008284954735290062-0.0047387983068681860.0561778890624693440.00.0060310087732335930.0
- -0.0008223575977461539-0.0047036911028609520.055761735082027420.00.0059863282911377660.0
- -0.0008162651943064148-0.0046688439893881610.0553486613909275340.00.0059419788221952710.0
- -0.0008102179263186071-0.0046342550396393230.054938644762028590.00.0058979579140217010.0
- -0.000804215459386054-0.0045999223410710940.054531662214825970.00.0058542631324143280.0
- -0.0007982574615883475-0.0045658439953009110.054127691014756120.00.0058108920612177650.0
- -0.0007923436034633358-0.0045320181180018570.053726708671217650.00.0057678423021904070.0
- -0.0007864735579891369-0.0044984428387987440.053328692934395240.00.005725111474871980.0
- -0.000780647000566348-0.0044651163011644180.0529336217909843750.00.0056826972164509830.0
- -0.0007748636090003924-0.0044320366623173960.052541473458931340.00.00564059718163389960.0
- -0.000769123063483923-0.0043992020931205020.052152226381308340.00.0055988090425146410.0
- -0.000763425046579308-0.0043666107779801730.051765859219454760.00.0055573304884448670.0
- -0.0007577692432013672-0.0043342609147464240.0513823508455175660.00.0055161592259052040.0
- -0.0007521553406000525-0.0043021507146140390.05100168033452590.00.0054752929783773440.0
- -0.0007465830283433783-0.0042702784020243190.0506238269561380960.00.0054347294862168160.0
- -0.0007410519983002961-0.0042386422145676010.0502487701661922250.00.0053944665065267520.0
- -0.0007355619446238193-0.00420724040288666950.049876489598192020.00.0053545018130325420.0
